game:GetService("Workspace").mitapminecraft.HumanoidRootPart.CFrame = (6.67710733, 4.25406027, 27.2192669, -0.986718178, -2.83320617e-07, -0.162441567, -1.95603906e-08, 1, -1.62532308e-06, 0.162441567, -1.60055833e-06, -0.986718178)

game:GetService("Workspace").mitapminecraft.HumanoidRootPart.CFrame = (-6.83610153, 4.25416613, 44.3402977, -0.999494553, -3.37465842e-08, 0.0317900851, -3.17124176e-08, 1, 6.44916938e-08, -0.0317900851, 6.34509547e-08, -0.999494553)

game:GetService("Workspace").mitapminecraft.HumanoidRootPart.CFrame = (-6.50422096, 4.25417328, 36.2624474, 0.998560011, 3.48355456e-09, -0.0536464974, -7.28635152e-09, 1, -7.0690632e-08, 0.0536464974, 7.09797234e-08, 0.998560011)

game:GetService("Workspace").mitapminecraft.HumanoidRootPart.CFrame = (3.9368124, 4.2541728, 35.9198799, 0.443079084, -1.99823607e-08, -0.896482527, 1.5732768e-08, 1, -1.45139483e-08, 0.896482527, -7.67332509e-09, 0.443079084)

game:GetService("Workspace").mitapminecraft.HumanoidRootPart.CFrame = (4.91705513, 4.25417185, 26.7014408, 0.112377003, -1.09112452e-09, -0.993665636, -6.47695941e-08, 1, -8.42309245e-09, 0.993665636, 6.53058834e-08, 0.112377003)

game:GetService("Workspace").mitapminecraft.HumanoidRootPart.CFrame = (16.5560589, 4.25416946, 24.7690487, 0.153677389, -3.41215483e-08, -0.988121092, -1.94929894e-09, 1, -3.48349118e-08, 0.988121092, 7.27948146e-09, 0.153677389)

game:GetService("Workspace").mitapminecraft.HumanoidRootPart.CFrame = (23.7766075, 4.25416899, 18.9615841, -0.794641793, -2.29659625e-09, -0.607078612, -1.79008453e-09, 1, -1.43987988e-09, 0.607078612, -5.74666738e-11, -0.794641793)

game:GetService("Workspace").mitapminecraft.HumanoidRootPart.CFrame = (22.5336208, 4.25417233, 10.9396954, 0.972663105, -3.41355766e-09, 0.232220724, -2.99366887e-09, 1, 2.72386931e-08, -0.232220724, -2.71892642e-08, 0.972663105)

game:GetService("Workspace").mitapminecraft.HumanoidRootPart.CFrame = (14.1122046, 4.25417185, 10.1253281, 0.105320461, -1.07549695e-07, 0.99443835, -6.29095398e-09, 1, 1.08817467e-07, -0.99443835, -1.77166708e-08, 0.105320461)

game:GetService("Workspace").mitapminecraft.HumanoidRootPart.CFrame = (5.15319109, 4.2541604, 8.85262203, 0.161790594, 3.25200822e-09, 0.986825109, 3.77860493e-10, 1, -3.35737549e-09, -0.986825109, 9.16073994e-10, 0.161790594)

game:GetService("Workspace").mitapminecraft.HumanoidRootPart.CFrame = (-4.36270952, 4.25416851, 11.3655987, -0.326320142, -2.76142433e-08, 0.945259333, -2.29564012e-09, 1, 2.84209101e-08, -0.945259333, 7.10434023e-09, -0.326320142)

game:GetService("Workspace").mitapminecraft.HumanoidRootPart.CFrame = (-11.3079128, 4.25416088, 13.0269241, 0.00370230642, 9.18259691e-09, 0.999993145, 5.55149278e-08, 1, -9.38819511e-09, -0.999993145, 5.55493074e-08, 0.00370230642)

game:GetService("Workspace").mitapminecraft.HumanoidRootPart.CFrame = (-16.7799473, 4.25416899, 9.22757244, 0.233997345, -7.02799809e-08, 0.972237229, -6.68806166e-08, 1, 8.83836435e-08, -0.972237229, -8.57053664e-08, 0.233997345)

game:GetService("Workspace").mitapminecraft.HumanoidRootPart.CFrame = (-20.3298817, 4.25416994, 4.82716322, 0.732900202, 5.08048394e-08, 0.680336177, 1.88903222e-08, 1, -9.50259036e-08, -0.680336177, 8.24962711e-08, 0.732900202)

game:GetService("Workspace").mitapminecraft.HumanoidRootPart.CFrame = (-18.3144722, 4.25415802, -4.5627265, 0.995621026, -8.80558417e-08, 0.0934814364, 9.18401142e-08, 1, -3.61794577e-08, -0.0934814364, 4.46063737e-08, 0.995621026)

game:GetService("Workspace").mitapminecraft.HumanoidRootPart.CFrame = (-12.3824253, 4.25416279, -6.94743824, 0.389480829, -7.27410736e-08, -0.921034575, -6.15018303e-09, 1, -8.15783139e-08, 0.921034575, 3.74377223e-08, 0.389480829)

game:GetService("Workspace").mitapminecraft.HumanoidRootPart.CFrame = (-4.85659075, 4.25416231, -10.1952362, 0.422374994, 1.30794131e-08, -0.906421185, -1.98757832e-09, 1, 1.35035565e-08, 0.906421185, -3.9019814e-09, 0.422374994)

game:GetService("Workspace").mitapminecraft.HumanoidRootPart.CFrame = (-1.1112349, 4.25416756, -14.0291853, 0.754189253, -5.22229975e-08, -0.6566571, 6.49808429e-09, 1, -7.20653333e-08, 0.6566571, 5.00838873e-08, 0.754189253)

game:GetService("Workspace").mitapminecraft.HumanoidRootPart.CFrame = (7.61139154, 4.25416279, -19.4448547, -0.121761762, -5.8313308e-08, -0.992559373, -5.94568128e-08, 1, -5.14566132e-08, 0.992559373, 5.27489696e-08, -0.121761762)

game:GetService("Workspace").mitapminecraft.HumanoidRootPart.CFrame = (7.61139154, 4.25416279, -19.4448547, -0.121761762, 1.19640768e-08, -0.992559373, 1.21983295e-08, 1, 1.05573399e-08, 0.992559373, -1.08220855e-08, -0.121761762)

game:GetService("Workspace").mitapminecraft.HumanoidRootPart.CFrame = (13.413806, 4.25416422, -14.8379517, -0.807093322, 2.06987991e-08, -0.590423882, 5.6383489e-09, 1, 2.73500547e-08, 0.590423882, 1.87450304e-08, -0.807093322)

game:GetService("Workspace").mitapminecraft.HumanoidRootPart.CFrame = (20.5248299, 4.25416803, -14.2085562, 0.0135872774, 4.16651211e-08, -0.999907672, -6.08936945e-09, 1, 4.15862225e-08, 0.999907672, 5.52376367e-09, 0.0135872774)

game:GetService("Workspace").mitapminecraft.HumanoidRootPart.CFrame = (15.6820745, 4.0541563, -20.9664288, -0.998362005, -9.95604843e-09, 0.0572123341, -3.26062288e-09, 1, 1.17121004e-07, -0.0572123341, 1.16742612e-07, -0.998362005)

game:GetService("Workspace").mitapminecraft.HumanoidRootPart.CFrame = (25.3630905, 4.25415802, -21.894268, 0.244128674, 4.49002613e-08, -0.969742835, -2.21601599e-08, 1, 4.07224761e-08, 0.969742835, 1.15481313e-08, 0.244128674)

game:GetService("Workspace").mitapminecraft.HumanoidRootPart.CFrame = (25.4095573, 4.25415802, -30.2198982, 0.810345709, 1.1479651e-08, -0.585952044, 2.10411173e-08, 1, 4.86903815e-08, 0.585952044, -5.17851291e-08, 0.810345709)

game:GetService("Workspace").mitapminecraft.HumanoidRootPart.CFrame = (18.7599182, 4.2541585, -30.6059532, 0.0896630958, -5.18448253e-08, 0.995972157, -3.452379e-08, 1, 5.51625234e-08, -0.995972157, -3.93307751e-08, 0.0896630958)

game:GetService("Workspace").mitapminecraft.HumanoidRootPart.CFrame = (16.4904327, 4.2541523, -37.1951828, 0.998776376, 2.45581031e-08, 0.049454499, -2.07180832e-08, 1, -7.81601628e-08, -0.049454499, 7.70399211e-08, 0.998776376)

game:GetService("Workspace").mitapminecraft.HumanoidRootPart.CFrame = (10.627511, 4.2541647, -37.2022858, 0.0418221392, 3.31335563e-08, 0.999125063, 6.58470656e-09, 1, -3.34382015e-08, -0.999125063, 7.97740185e-09, 0.0418221392)

game:GetService("Workspace").mitapminecraft.HumanoidRootPart.CFrame = (4.49734211, 4.2541523, -37.0305901, -0.0140128741, 7.47006794e-08, 0.999901831, 8.35702441e-09, 1, -7.45909006e-08, -0.999901831, 7.31097138e-09, -0.0140128741
